[gd_scene load_steps=28 format=3 uid="uid://dh8yyt6ppkk6n"]

[ext_resource type="Script" path="res://puzzle_cave.gd" id="1_58247"]
[ext_resource type="Material" uid="uid://ba8bc7hv7cda2" path="res://addons/proton_scatter/demos/assets/materials/m_brick.tres" id="1_iqidc"]
[ext_resource type="AudioStream" uid="uid://ccy7blmn3n55i" path="res://nintnedo/secret_found.mp3" id="2_07ke7"]
[ext_resource type="Script" path="res://addons/proton_scatter/src/scatter.gd" id="2_ofa7j"]
[ext_resource type="Script" path="res://addons/proton_scatter/src/stack/modifier_stack.gd" id="3_3ettk"]
[ext_resource type="Script" path="res://SyncTransform.gd" id="3_f3sl7"]
[ext_resource type="Script" path="res://addons/proton_scatter/src/modifiers/base_modifier.gd" id="4_aa851"]
[ext_resource type="Script" path="res://addons/proton_scatter/src/modifiers/create_inside_random.gd" id="5_0gnwa"]
[ext_resource type="Script" path="res://addons/proton_scatter/src/modifiers/randomize_transforms.gd" id="6_j67v8"]
[ext_resource type="Script" path="res://addons/proton_scatter/src/modifiers/relax.gd" id="7_s0opl"]
[ext_resource type="Script" path="res://addons/proton_scatter/src/modifiers/project_on_geometry.gd" id="8_nwqhh"]
[ext_resource type="Script" path="res://addons/proton_scatter/src/scatter_item.gd" id="9_3tdxi"]
[ext_resource type="Script" path="res://addons/proton_scatter/src/scatter_shape.gd" id="10_dj0xo"]
[ext_resource type="Script" path="res://addons/proton_scatter/src/shapes/sphere_shape.gd" id="11_gfhxx"]
[ext_resource type="Script" path="res://addons/proton_scatter/src/shapes/box_shape.gd" id="12_jxj5i"]
[ext_resource type="Material" uid="uid://bdqavyw43m6h2" path="res://addons/proton_scatter/demos/assets/materials/m_fence.tres" id="15_vibr6"]

[sub_resource type="SphereShape3D" id="SphereShape3D_aoswk"]
radius = 2.0

[sub_resource type="SphereShape3D" id="SphereShape3D_x3vny"]
radius = 2.0

[sub_resource type="Resource" id="Resource_2kgf8"]
script = ExtResource("5_0gnwa")
amount = 50
enabled = true
override_global_seed = false
custom_seed = 0
restrict_height = true
reference_frame = 1

[sub_resource type="Resource" id="Resource_h6pdw"]
script = ExtResource("6_j67v8")
position = Vector3(0.15, 0.15, 0.15)
rotation = Vector3(20, 360, 20)
scale = Vector3(4, 4, 4)
enabled = true
override_global_seed = false
custom_seed = 0
restrict_height = false
reference_frame = 2

[sub_resource type="Resource" id="Resource_fji82"]
script = ExtResource("7_s0opl")
iterations = 3
offset_step = 0.2
consecutive_step_multiplier = 0.75
use_computeshader = true
enabled = true
override_global_seed = false
custom_seed = 0
restrict_height = true
reference_frame = 0

[sub_resource type="Resource" id="Resource_wg1xs"]
script = ExtResource("8_nwqhh")
ray_direction = Vector3(0, -1, 0)
ray_length = 10.0
ray_offset = 5.0
remove_points_on_miss = false
align_with_collision_normal = false
max_slope = 90.0
collision_mask = 1
exclude_mask = 0
enabled = true
override_global_seed = false
custom_seed = 0
restrict_height = false
reference_frame = 0

[sub_resource type="Resource" id="Resource_e43fo"]
script = ExtResource("3_3ettk")
stack = Array[ExtResource("4_aa851")]([SubResource("Resource_2kgf8"), SubResource("Resource_h6pdw"), SubResource("Resource_fji82"), SubResource("Resource_wg1xs")])

[sub_resource type="Resource" id="Resource_gc8e1"]
script = ExtResource("11_gfhxx")
radius = 4.0

[sub_resource type="Resource" id="Resource_l4c1s"]
script = ExtResource("12_jxj5i")
size = Vector3(3, 3, 3)

[sub_resource type="BoxMesh" id="BoxMesh_u345w"]
size = Vector3(0.1, 1, 0.1)

[sub_resource type="BoxMesh" id="BoxMesh_ii70t"]
size = Vector3(1, 0.5, 0.1)

[node name="PuzzleCave" type="Node3D"]
script = ExtResource("1_58247")

[node name="SecretAudio" type="AudioStreamPlayer3D" parent="."]
stream = ExtResource("2_07ke7")
volume_db = -10.0

[node name="SecretEntered" type="Area3D" parent="."]
transform = Transform3D(1, 0, 0, 0, 1, 0, 0, 0, 1, 0, 1, -3)

[node name="CollisionShape3D" type="CollisionShape3D" parent="SecretEntered"]
shape = SubResource("SphereShape3D_aoswk")

[node name="Area3D" type="Area3D" parent="."]
transform = Transform3D(1, 0, 0, 0, 1, 0, 0, 0, 1, 0, 1, 0.5)
collision_layer = 0
collision_mask = 2

[node name="CollisionShape3D" type="CollisionShape3D" parent="Area3D"]
shape = SubResource("SphereShape3D_x3vny")

[node name="Door" type="Node3D" parent="."]
transform = Transform3D(1, 0, 0, 0, 1, 0, 0, 0, 1, 0, 1, 0)

[node name="SyncTransform" type="Node3D" parent="Door"]
transform = Transform3D(1, 0, 0, 0, 1, 0, 0, 0, 1, 0, 1, 0)
script = ExtResource("3_f3sl7")

[node name="CSGCylinder3D" type="CSGCylinder3D" parent="Door"]
transform = Transform3D(1, 0, 0, 0, -4.37114e-08, -1, 0, 1, -4.37114e-08, 0, 0, 0)
use_collision = true
radius = 1.5
height = 1.0
sides = 12
material = ExtResource("1_iqidc")

[node name="CSGCombiner3D" type="CSGCombiner3D" parent="."]
material_override = ExtResource("1_iqidc")
use_collision = true

[node name="CSGBox3D" type="CSGBox3D" parent="CSGCombiner3D"]
transform = Transform3D(0.963752, -0.266801, 0, 0.260079, 0.939469, 0.223063, -0.0595134, -0.214977, 0.974804, 0.424534, 2.97904, 0)
size = Vector3(3.25342, 1, 1)

[node name="CSGBox3D2" type="CSGBox3D" parent="CSGCombiner3D"]
transform = Transform3D(0.844805, 0.535075, 0, -0.521943, 0.824071, -0.220187, -0.117816, 0.186015, 0.975458, 2.51443, 1.21275, 0)
size = Vector3(3.25342, 1, 1)

[node name="CSGBox3D3" type="CSGBox3D" parent="CSGCombiner3D"]
transform = Transform3D(-0.199931, 0.889697, -0.410448, -0.975669, -0.21925, 0, -0.0899909, 0.400462, 0.911884, -1.05333, 1.21275, 0)
size = Vector3(3.25342, 1, 1)

[node name="CSGBox3D4" type="CSGBox3D" parent="CSGCombiner3D"]
transform = Transform3D(-0.353585, 0.889696, -0.288821, -0.88579, -0.21925, 0.40903, 0.300588, 0.400462, 0.865608, 3.05055, 1.49503, -0.347278)
size = Vector3(4.03735, 1, 1)

[node name="CSGBox3D5" type="CSGBox3D" parent="CSGCombiner3D"]
transform = Transform3D(-0.63083, -0.187874, 0.752833, 0.61397, -0.714123, 0.336257, 0.474442, 0.674338, 0.565839, 3.08986, 1.49503, -1.49135)
size = Vector3(4.03735, 1, 1)

[node name="CSGBox3D6" type="CSGBox3D" parent="CSGCombiner3D"]
transform = Transform3D(-0.110583, 0.343982, 0.932442, 0.61397, -0.714123, 0.336257, 0.781545, 0.609675, -0.132224, 4.03664, 1.79055, -3.11517)
size = Vector3(5, 1, 1)

[node name="CSGBox3D7" type="CSGBox3D" parent="CSGCombiner3D"]
transform = Transform3D(-0.40267, 0.654881, 0.639522, 0.476492, -0.446572, 0.757317, 0.781545, 0.609675, -0.132224, 3.34914, 3.23999, -3.11517)
size = Vector3(5, 1, 1)

[node name="CSGBox3D8" type="CSGBox3D" parent="CSGCombiner3D"]
transform = Transform3D(0.312152, 0.891202, 0.329121, 0.476492, -0.446572, 0.757317, 0.821898, -0.0795744, -0.564049, -2.61107, 1.45194, -1.75923)
size = Vector3(5, 1, 1)

[node name="CSGCombiner3D2" type="CSGCombiner3D" parent="."]
transform = Transform3D(1, 0, 0, 0, 1, 0, 0, 0, 1, 0, 1, -3)
material_override = ExtResource("1_iqidc")
use_collision = true

[node name="CSGSphere3D" type="CSGSphere3D" parent="CSGCombiner3D2"]
radius = 4.0

[node name="CSGSphere3D2" type="CSGSphere3D" parent="CSGCombiner3D2"]
operation = 2
radius = 3.5

[node name="CSGBox3D" type="CSGBox3D" parent="CSGCombiner3D2"]
transform = Transform3D(1, 0, 0, 0, 1, 0, 0, 0, 1, 0, 0, 3)
operation = 2
size = Vector3(2.5, 2.5, 2.5)

[node name="CSGBox3D2" type="CSGBox3D" parent="CSGCombiner3D2"]
transform = Transform3D(1, 0, 0, 0, 1, 0, 0, 0, 1, 0, -3, 0)
operation = 2
size = Vector3(10, 4, 10)

[node name="CSGCylinder3D" type="CSGCylinder3D" parent="CSGCombiner3D2"]
transform = Transform3D(1, 0, 0, 0, 1, 0, 0, 0, 1, 0, -1.5, 0)
radius = 3.75
height = 1.0

[node name="OmniLight3D" type="OmniLight3D" parent="."]
transform = Transform3D(1, 0, 0, 0, 1, 0, 0, 0, 1, 0, 2, -3)
light_color = Color(0.60176, 0, 0.11147, 1)

[node name="ProtonScatter" type="Node3D" parent="."]
transform = Transform3D(1, 0, 0, 0, 1, 0, 0, 0, 1, 0, 2, -3)
script = ExtResource("2_ofa7j")
modifier_stack = SubResource("Resource_e43fo")
Performance/use_chunks = true
Performance/chunk_dimensions = Vector3(15, 15, 15)

[node name="ScatterItem" type="Node3D" parent="ProtonScatter"]
script = ExtResource("9_3tdxi")
path = "res://addons/proton_scatter/demos/assets/brick.tscn"

[node name="ScatterItem2" type="Node3D" parent="ProtonScatter"]
script = ExtResource("9_3tdxi")
proportion = 25
path = "res://addons/proton_scatter/demos/assets/bush.tscn"

[node name="ScatterItem3" type="Node3D" parent="ProtonScatter"]
script = ExtResource("9_3tdxi")
proportion = 5
path = "res://addons/proton_scatter/demos/assets/pine_tree.tscn"

[node name="ScatterShape" type="Node3D" parent="ProtonScatter"]
transform = Transform3D(1, 0, -2.98023e-08, 0, 1, 0, 2.98023e-08, 0, 1, 0, 0, 0)
visible = false
script = ExtResource("10_dj0xo")
shape = SubResource("Resource_gc8e1")

[node name="ScatterShape2" type="Node3D" parent="ProtonScatter"]
transform = Transform3D(1, 0, -2.98023e-08, 0, 1, 0, 2.98023e-08, 0, 1, 0, -1, 3)
visible = false
script = ExtResource("10_dj0xo")
negative = true
shape = SubResource("Resource_l4c1s")

[node name="MeshInstance3D" type="MeshInstance3D" parent="."]
transform = Transform3D(1, 0, 0, 0, 1, 0, 0, 0, 1, 0, 0.5, -3)
material_override = ExtResource("15_vibr6")
mesh = SubResource("BoxMesh_u345w")

[node name="MeshInstance3D" type="MeshInstance3D" parent="MeshInstance3D"]
transform = Transform3D(1, 0, 0, 0, 1, 0, 0, 0, 1, 0, 0.15, 0.1)
material_override = ExtResource("15_vibr6")
mesh = SubResource("BoxMesh_ii70t")

[node name="Label3D" type="Label3D" parent="MeshInstance3D/MeshInstance3D"]
transform = Transform3D(1, 0, 0, 0, 1, 0, 0, 0, 1, 0, 0, 0.055)
text = "Wrong hole"
