[gd_scene load_steps=4 format=3 uid="uid://sg3pog51w0uy"]

[ext_resource type="PackedScene" uid="uid://c25fss6gkmvsy" path="res://assets/models/chest.fbx" id="1_2klyf"]
[ext_resource type="Material" path="res://assets/materials/pile_of_gold.tres" id="2_3my1f"]

[sub_resource type="PlaneMesh" id="PlaneMesh_irmpb"]
material = ExtResource("2_3my1f")
size = Vector2(1, 1)

[node name="chest" instance=ExtResource("1_2klyf")]

[node name="BoneAttachment3D" type="BoneAttachment3D" parent="Armature/Skeleton3D" index="0"]
transform = Transform3D(0.999923, 0.000416555, -0.0124256, -0.000138939, 0.999751, 0.0223346, 0.0124319, -0.0223312, 0.999667, -2.63413e-05, -0.00943398, -0.0179751)
bone_name = "Cube"
bone_idx = 6

[node name="Gold" type="MeshInstance3D" parent="Armature/Skeleton3D/BoneAttachment3D" index="0"]
transform = Transform3D(0.0288405, -2.4609e-16, 3.33067e-16, 0, -4.37115e-10, -0.0149388, -7.57926e-16, 0.01, -6.52993e-10, -2.77556e-16, -4.65661e-10, 0.01)
mesh = SubResource("PlaneMesh_irmpb")
skeleton = NodePath("../../../..")

[node name="Cube_001" parent="Armature/Skeleton3D" index="1"]
transform = Transform3D(0.999922, 0.000416462, -0.0124257, -0.000138852, 0.999751, 0.0223342, 0.0124319, -0.0223307, 0.999674, -2.634e-05, -0.00943395, -0.0179752)
bone_idx = 2

[node name="Cube_002" parent="Armature/Skeleton3D" index="2"]
transform = Transform3D(0.999922, 0.000416462, -0.0124257, -0.000138852, 0.999751, 0.0223342, 0.0124319, -0.0223307, 0.999674, -2.634e-05, -0.00943395, -0.0179752)
bone_idx = 3

[node name="Cube" parent="Armature/Skeleton3D" index="3"]
transform = Transform3D(0.999923, 0.000416555, -0.0124256, -0.000138939, 0.999751, 0.0223346, 0.0124319, -0.0223312, 0.999667, -2.63413e-05, -0.00943398, -0.0179751)
bone_idx = 6
